      0/49     10.2G   0.08467   0.00607   0.01247    0.1032        13       640     0.503 0.0002226 1.516e-05 5.612e-06    0.1103   0.00875  0.007588
      1/49     11.5G     0.078  0.004884  0.006923   0.08981        29       640    0.5033  0.008234 0.0002946 5.967e-05     0.111  0.008679   0.01273
      2/49     11.5G    0.0667  0.005479  0.006202   0.07838         4       640     0.259   0.01929  0.002471 0.0006305   0.09452  0.009965  0.005905
      3/49     11.5G   0.06078  0.005494  0.006412   0.07269         2       640    0.2809   0.03672  0.009994  0.004013    0.0858  0.009915  0.005881
      4/49     11.5G   0.05636  0.005621  0.006032   0.06802         1       640    0.7923   0.03887   0.01544  0.007035   0.08342  0.009604  0.005853
      5/49     11.5G   0.05378   0.00558  0.006109   0.06547         5       640    0.7917   0.03064    0.0138  0.005881    0.0865  0.009763  0.005783
      6/49     11.5G   0.05246  0.005487  0.006111   0.06406         2       640    0.5438   0.04236   0.01825  0.008929   0.07873  0.009812  0.005776
      7/49     11.5G   0.05054  0.005611  0.006226   0.06238        22       640    0.7962   0.05631   0.02378   0.01233    0.0769  0.009594  0.005806
      8/49     11.5G   0.04976  0.005822  0.006559   0.06214        12       640    0.5541   0.05393   0.02525   0.01329   0.07458  0.009733   0.00579
      9/49     11.5G   0.04863  0.005819  0.006147   0.06059         3       640    0.5526   0.05141   0.02512   0.01346   0.07345  0.009823  0.005781
     10/49     11.5G   0.04773  0.005858  0.006703   0.06029         3       640    0.8098   0.05052   0.02602   0.01404   0.07207  0.009712  0.005835
     11/49     11.5G   0.04734  0.005737  0.006148   0.05923         1       640    0.8032   0.05364   0.02436   0.01335   0.07261  0.009543   0.00649
     12/49     11.5G   0.04626   0.00576  0.006102   0.05812        10       640     0.808   0.04748   0.02456   0.01305   0.07172  0.009699  0.005733
     13/49     11.5G   0.04555  0.005845  0.006275   0.05767         1       640    0.8051   0.05593   0.02658    0.0149   0.07001  0.009721  0.005763
     14/49     11.5G   0.04533  0.005806  0.006282   0.05742         6       640      0.55   0.05831   0.02678   0.01558   0.07034  0.009657  0.005696
     15/49     11.5G    0.0445  0.005986  0.006638   0.05712         1       640    0.7986   0.05453   0.02213   0.01157   0.07133  0.009761  0.005831
     16/49     11.5G   0.04446  0.006119  0.006007   0.05659        16       640    0.7988   0.06231   0.02523   0.01369   0.06916    0.0098  0.005689
     17/49     11.5G   0.04348  0.005759  0.006109   0.05535         9       640    0.5572    0.0606   0.02999   0.01724   0.06798  0.009783  0.005686
     18/49     11.5G   0.04364  0.006182    0.0064   0.05622         3       640    0.7976   0.06194   0.02647   0.01533   0.06699  0.009921  0.005683
     19/49     11.5G   0.04294     0.006  0.006112   0.05505         3       640    0.7992   0.06499   0.02882   0.01594   0.06614   0.01018   0.01061
     20/49     11.5G   0.04326   0.00615  0.006217   0.05562         9       640    0.5516   0.06395   0.02774   0.01558   0.06602  0.009972  0.005633
     21/49     11.5G   0.04204   0.00624  0.006254   0.05454         0       640    0.8018   0.06654   0.02951   0.01616    0.0641   0.01007  0.005623
     22/49     11.5G    0.0418  0.006023  0.006143   0.05397         3       640    0.5552   0.06031   0.03048   0.01731   0.06436  0.009884  0.006222
     23/49     11.5G    0.0416   0.00599  0.006317    0.0539         4       640    0.5522   0.06805   0.02806   0.01521   0.06384   0.01003  0.005654
     24/49     11.5G   0.04097  0.005992  0.006396   0.05336         2       640    0.5571   0.06217   0.03177   0.01698   0.06309  0.009871   0.00557
     25/49     11.5G   0.04118  0.006122  0.006082   0.05339         2       640    0.5485   0.06076   0.02399   0.01271   0.06776  0.009797  0.005945
     26/49     11.5G   0.04154  0.005952  0.005885   0.05338         5       640    0.8063   0.06254   0.02874     0.016   0.06327  0.009897  0.005554
     27/49     11.5G   0.04062  0.006179  0.005832   0.05263         7       640     0.802   0.07233   0.03135   0.01782   0.06307  0.009679  0.005607
     28/49     11.5G   0.03959  0.006189  0.006106   0.05189         4       640    0.8036   0.07136   0.03175   0.01802   0.06207  0.009655  0.005599
     29/49     11.5G    0.0396  0.006141  0.006088   0.05183        26       640    0.8066   0.06825   0.03135   0.01796    0.0627  0.009604  0.007641
     30/49     11.5G   0.03997  0.006127  0.005825   0.05192        27       640    0.8132   0.06098   0.03375   0.01985   0.06169  0.009617  0.005529
     31/49     11.5G   0.03944  0.006282  0.006076   0.05179         6       640     0.811   0.06298   0.03178   0.01782   0.06146  0.009668  0.005542
     32/49     11.5G   0.03873  0.006163  0.005826   0.05072        10       640    0.8159   0.06083   0.03264    0.0189   0.06166  0.009571  0.005523
     33/49     11.5G   0.03848   0.00619  0.005877   0.05055        13       640    0.8121   0.06224   0.03269   0.01849   0.06162  0.009675   0.00613
     34/49     11.5G   0.03779  0.006171  0.005723   0.04968         2       640    0.8088    0.0658   0.03239   0.01809   0.06127  0.009619  0.005794
     35/49     11.5G   0.03865  0.006079  0.006049   0.05078         5       640    0.8081   0.06713   0.03295   0.01826   0.06116  0.009716  0.005565
     36/49     11.5G   0.03796   0.00625  0.005757   0.04997         3       640     0.562    0.0638   0.03228   0.01823   0.06079  0.009689  0.005531
     37/49     11.5G   0.03798  0.006034  0.005524   0.04954         9       640    0.8103   0.06484    0.0324    0.0183   0.06069  0.009662  0.005514
     38/49     11.5G   0.03749  0.006125  0.005944   0.04956         3       640    0.8126   0.06506   0.03427   0.01914   0.06093  0.009579  0.005524
     39/49     11.5G   0.03733  0.006225  0.005729   0.04928         5       640    0.8091   0.06988   0.03423   0.01963   0.06081  0.009557  0.005518
     40/49     11.5G   0.03667  0.006013   0.00588   0.04856         1       640    0.8131   0.06536   0.03507   0.02044    0.0604  0.009566  0.005532
     41/49     11.5G   0.03653   0.00629  0.005858   0.04868         4       640    0.8153    0.0638   0.03435   0.01958   0.06014    0.0096  0.005557
     42/49     11.5G   0.03665  0.006004  0.005624   0.04828        19       640    0.5632   0.06677   0.03407   0.01936   0.06022   0.00959  0.005536
     43/49     11.5G   0.03608  0.006438  0.005797   0.04832         3       640    0.8092   0.07151   0.03461   0.01935   0.06017  0.009585   0.00554
     44/49     11.5G     0.036   0.00616   0.00586   0.04802        10       640    0.8126   0.06706   0.03496   0.01985   0.05993  0.009617  0.005558
     45/49     11.5G    0.0358   0.00636  0.006441    0.0486         1       640    0.2998    0.1315   0.03515   0.02019    0.0599  0.009589  0.005584
     46/49     11.5G   0.03565  0.006141  0.005632   0.04743         5       640    0.3028    0.1357   0.03558   0.02029   0.05972  0.009579  0.005573
     47/49     11.5G   0.03531  0.006065  0.005427   0.04681         3       640   0.05151     0.139   0.03531    0.0204   0.05972  0.009567   0.00556
     48/49     11.5G    0.0356  0.006151  0.005598   0.04735         6       640   0.04847    0.1374   0.03564    0.0206   0.05967  0.009558  0.005559
     49/49     11.5G   0.03548  0.006223  0.005896    0.0476         1       640   0.06605    0.1137   0.03614   0.02082   0.05961  0.009532  0.005571
